0	[10457, 5591, 521, 3981, 536, 88, 2995, 2806, 2890, 73, 156, 0, 2, 73, 146, 2, 134, 38, 106, 78, 1, 306, 0, 79, 0, 122, 16, 2, 208, 228, 361, 160, 0, 431, 52, 13, 218, 7, 14, 62, 0, 31, 0, 33, 95, 194, 0, 0, 115, 53]
1	[5007, 8171, 1231, 6152, 863, 719, 3345, 2715, 2652, 185, 270, 3, 3, 182, 227, 13, 220, 186, 204, 166, 2, 1029, 0, 323, 1, 178, 30, 6, 303, 606, 678, 583, 0, 1167, 188, 26, 524, 4, 39, 179, 1, 138, 1, 153, 154, 188, 0, 0, 370, 205]
10	[726, 934, 1441, 739, 737, 639, 617, 564, 575, 65, 109, 1, 1, 38, 85, 9, 57, 60, 44, 59, 0, 1054, 0, 66, 4, 30, 6, 0, 66, 255, 195, 100, 1, 434, 25, 14, 278, 8, 23, 31, 0, 80, 1, 48, 10, 153, 3, 0, 459, 117]
2	[2987, 4052, 944, 5539, 802, 666, 3610, 2231, 1972, 216, 298, 1, 6, 234, 215, 5, 208, 113, 176, 247, 5, 912, 0, 228, 1, 184, 27, 5, 265, 519, 498, 428, 0, 1354, 186, 18, 487, 15, 53, 151, 2, 153, 5, 134, 111, 168, 1, 0, 287, 235]
2010	[187, 487, 1085, 294, 1850, 976, 239, 172, 191, 37, 44, 0, 1, 53, 29, 16, 42, 119, 26, 38, 3, 2835, 0, 51, 1, 26, 4, 1, 73, 45, 57, 190, 1, 549, 41, 12, 379, 2, 33, 13, 2, 166, 10, 119, 23, 32, 1, 0, 1248, 24]
2011	[142, 391, 1151, 278, 320, 1988, 199, 145, 179, 35, 30, 2, 0, 51, 30, 12, 22, 142, 23, 24, 0, 2567, 0, 40, 1, 37, 13, 0, 46, 52, 44, 135, 2, 752, 36, 23, 318, 1, 35, 32, 1, 91, 10, 86, 17, 15, 2, 0, 1221, 10]
3	[2305, 2699, 768, 2630, 680, 545, 3494, 2591, 1894, 94, 200, 3, 1, 185, 99, 14, 97, 87, 118, 171, 4, 845, 0, 92, 0, 129, 11, 3, 138, 392, 221, 296, 1, 945, 92, 23, 326, 6, 35, 76, 1, 73, 2, 52, 82, 172, 1, 0, 341, 144]
4	[1738, 2018, 651, 1937, 552, 552, 1810, 2065, 1946, 56, 163, 0, 0, 100, 102, 3, 73, 62, 88, 116, 0, 681, 0, 73, 1, 113, 8, 1, 87, 324, 178, 235, 0, 731, 83, 19, 290, 3, 21, 73, 1, 66, 6, 54, 32, 134, 1, 0, 213, 106]
5	[1543, 1781, 766, 1644, 570, 596, 1403, 1566, 2016, 65, 161, 1, 3, 59, 90, 7, 90, 67, 62, 101, 1, 733, 0, 68, 0, 115, 7, 1, 104, 381, 162, 203, 0, 666, 49, 20, 598, 4, 27, 49, 1, 424, 2, 58, 63, 107, 2, 0, 354, 122]
b	[119, 245, 85, 304, 81, 72, 166, 124, 69, 783, 1028, 3, 1, 511, 255, 6, 193, 28, 188, 162, 1, 97, 0, 231, 5, 198, 30, 15, 103, 266, 297, 205, 0, 616, 335, 16, 424, 9, 11, 211, 13, 71, 0, 21, 98, 147, 0, 0, 47, 84]
c	[241, 341, 65, 347, 62, 66, 156, 139, 135, 327, 1890, 26, 6, 861, 449, 4, 784, 27, 206, 438, 0, 191, 0, 186, 6, 308, 15, 9, 80, 381, 263, 235, 1, 548, 392, 6, 590, 2, 16, 243, 6, 116, 4, 12, 110, 173, 0, 0, 83, 70]
ce	[2, 3, 1, 4, 3, 3, 2, 4, 1, 1, 1, 12, 0, 11, 4, 0, 0, 1, 2, 4, 0, 5, 0, 7, 0, 4, 2, 0, 1, 4, 6, 4, 0, 8, 5, 1, 10, 1, 3, 1, 1, 0, 0, 0, 2, 0, 0, 0, 2, 0]
cy	[2, 1, 2, 7, 0, 0, 1, 1, 1, 2, 5, 0, 6, 9, 4, 1, 7, 0, 6, 3, 0, 0, 0, 9, 0, 6, 0, 0, 1, 5, 6, 7, 0, 12, 7, 0, 10, 1, 1, 3, 0, 1, 1, 0, 0, 0, 0, 0, 0, 37]
d	[90, 234, 72, 212, 134, 88, 139, 108, 65, 340, 1391, 2, 23, 959, 484, 6, 325, 37, 295, 454, 0, 182, 0, 198, 7, 397, 32, 28, 95, 347, 338, 230, 0, 655, 431, 20, 566, 8, 20, 242, 14, 148, 76, 25, 95, 175, 8, 0, 84, 91]
e	[137, 214, 55, 231, 34, 29, 116, 91, 60, 260, 200, 1, 7, 379, 645, 8, 285, 50, 2718, 225, 0, 125, 0, 329, 9, 285, 48, 2, 77, 522, 222, 240, 1, 772, 281, 10, 518, 8, 33, 271, 12, 97, 18, 9, 99, 160, 1, 1, 66, 103]
eric	[0, 10, 5, 5, 5, 4, 8, 6, 4, 19, 5, 0, 0, 8, 5, 78, 2, 6, 5, 3, 0, 31, 0, 12, 0, 4, 1, 0, 1, 17, 4, 5, 0, 67, 9, 1, 97, 0, 3, 4, 0, 3, 0, 2, 7, 15, 0, 0, 20, 0]
f	[206, 301, 32, 206, 16, 16, 93, 52, 52, 275, 1153, 0, 2, 295, 178, 4, 666, 25, 339, 239, 0, 85, 0, 178, 2, 182, 14, 0, 41, 238, 292, 184, 0, 326, 583, 17, 293, 2, 14, 161, 8, 66, 5, 9, 132, 130, 0, 0, 35, 108]
first	[41, 104, 51, 95, 23, 27, 75, 46, 29, 28, 37, 5, 0, 55, 22, 7, 34, 139, 16, 14, 4, 137, 0, 74, 0, 20, 8, 2, 10, 30, 36, 37, 0, 822, 18, 11, 290, 1, 36, 10, 0, 106, 4, 34, 11, 7, 0, 0, 44, 3]
g	[88, 196, 31, 122, 16, 16, 129, 80, 46, 139, 223, 0, 4, 270, 257, 3, 154, 27, 474, 348, 0, 70, 0, 187, 1, 213, 11, 28, 22, 259, 302, 220, 1, 495, 261, 9, 485, 3, 15, 160, 2, 54, 3, 11, 74, 167, 1, 0, 26, 72]
h	[190, 174, 40, 419, 12, 10, 160, 104, 71, 157, 360, 3, 5, 245, 237, 3, 174, 15, 215, 719, 0, 89, 0, 257, 1, 338, 15, 7, 17, 337, 295, 239, 2, 364, 365, 9, 400, 5, 13, 215, 10, 83, 2, 7, 75, 270, 1, 0, 31, 70]
hd	[0, 1, 0, 6, 0, 2, 2, 4, 2, 6, 0, 0, 0, 1, 0, 0, 0, 0, 0, 0, 9, 2, 0, 0, 0, 0, 0, 0, 0, 1, 0, 0, 0, 6, 0, 0, 5, 0, 1, 0, 0, 0, 0, 0, 0, 0, 0, 0, 2, 0]
http	[6, 16, 7, 12, 113, 50, 1, 2, 1, 8, 7, 6, 0, 11, 38, 25, 10, 1, 6, 13, 0, 7, 0, 16, 56, 5, 6, 1, 15, 13, 11, 197, 1, 3, 7, 6, 12, 134, 16, 2, 0, 22, 102, 137, 5, 6, 3, 2, 51998, 2]
i	[104, 463, 79, 193, 21, 24, 122, 52, 111, 235, 190, 5, 6, 406, 2113, 6, 107, 109, 91, 106, 0, 111, 0, 1772, 6, 183, 33, 239, 101, 1139, 610, 226, 0, 1179, 142, 22, 478, 5, 31, 1034, 17, 241, 6, 97, 153, 117, 7, 0, 55, 95]
ir	[0, 2, 2, 7, 12, 3, 2, 0, 1, 3, 6, 0, 0, 4, 2, 0, 1, 0, 1, 2, 0, 0, 0, 8, 10, 1, 0, 0, 1, 1, 15, 0, 0, 12, 4, 1, 7, 0, 0, 2, 0, 1, 0, 0, 3, 1, 0, 0, 0, 0]
l	[78, 188, 35, 125, 11, 21, 66, 65, 23, 178, 228, 2, 14, 419, 267, 4, 125, 28, 162, 172, 0, 78, 0, 184, 2, 601, 26, 12, 56, 430, 351, 222, 1, 514, 308, 16, 474, 5, 15, 199, 3, 78, 5, 14, 118, 156, 3, 1, 34, 75]
le	[4, 32, 7, 18, 3, 8, 11, 10, 9, 16, 20, 0, 0, 119, 21, 0, 10, 10, 9, 19, 0, 11, 0, 15, 0, 49, 103, 0, 16, 56, 423, 33, 0, 100, 39, 28, 133, 3, 3, 31, 2, 1, 3, 1, 4, 4, 0, 1, 6, 14]
ll	[2, 7, 1, 2, 3, 0, 3, 4, 1, 26, 0, 0, 0, 26, 2, 0, 2, 2, 0, 36, 0, 8, 0, 6, 0, 3, 1, 6, 5, 26, 14, 2, 0, 68, 2, 0, 13, 0, 1, 9, 0, 0, 0, 0, 1, 1, 0, 0, 1, 0]
lt	[174, 287, 49, 252, 9, 6, 117, 55, 69, 153, 67, 0, 0, 73, 31, 0, 28, 25, 29, 34, 0, 147, 0, 91, 10, 24, 3, 3, 4744, 122, 55, 118, 0, 1937, 62, 4, 178, 0, 14, 107, 3, 93, 0, 8, 53, 16, 0, 0, 85, 25]
m	[450, 440, 94, 469, 76, 41, 245, 135, 129, 272, 388, 2, 18, 482, 400, 5, 260, 46, 203, 281, 0, 152, 0, 330, 2, 372, 41, 6, 50, 1251, 864, 399, 0, 991, 471, 59, 875, 6, 43, 351, 9, 63, 6, 40, 150, 251, 3, 0, 75, 112]
n	[410, 947, 211, 593, 34, 25, 236, 244, 157, 263, 378, 3, 36, 394, 1150, 2, 146, 55, 208, 229, 1, 116, 0, 375, 4, 278, 41, 7, 114, 606, 1818, 361, 0, 713, 311, 9, 653, 9, 48, 501, 32, 86, 14, 8, 147, 635, 2, 0, 51, 386]
p	[366, 556, 184, 395, 61, 53, 320, 268, 220, 221, 282, 2, 21, 313, 273, 4, 217, 85, 218, 164, 0, 161, 0, 208, 0, 249, 30, 11, 63, 583, 429, 931, 0, 894, 371, 82, 519, 5, 35, 335, 25, 66, 5, 7, 103, 136, 1, 0, 72, 50]
pos	[1, 1, 0, 0, 0, 0, 0, 0, 0, 0, 2, 0, 0, 3, 1, 0, 0, 0, 2, 0, 0, 0, 0, 0, 0, 0, 0, 0, 0, 0, 2, 2, 1, 4, 0, 0, 0, 0, 0, 1, 0, 0, 0, 0, 2, 4, 0, 0, 0, 0]
quot	[374, 1146, 451, 1214, 429, 413, 838, 638, 547, 512, 510, 8, 18, 550, 702, 62, 298, 971, 352, 307, 2, 3436, 0, 4022, 14, 460, 155, 156, 962, 929, 601, 1588, 2, 77118, 562, 262, 3927, 51, 215, 646, 31, 433, 110, 488, 210, 826, 3, 2, 2143, 172]
r	[78, 200, 44, 217, 38, 38, 158, 48, 42, 512, 390, 4, 5, 510, 342, 5, 210, 29, 278, 249, 0, 108, 0, 261, 7, 326, 15, 4, 100, 496, 386, 269, 0, 660, 1045, 6, 786, 40, 10, 305, 23, 120, 12, 159, 185, 227, 1, 0, 48, 72]
re	[7, 32, 10, 17, 12, 6, 13, 17, 18, 13, 8, 1, 0, 14, 33, 1, 6, 11, 7, 2, 0, 20, 0, 20, 2, 23, 17, 0, 15, 13, 10, 14, 0, 232, 16, 69, 42, 0, 3, 7, 3, 6, 2, 6, 2, 4, 0, 0, 8, 0]
s	[311, 821, 355, 652, 357, 263, 454, 344, 406, 325, 587, 8, 19, 585, 630, 37, 295, 2785, 288, 370, 12, 1378, 0, 753, 3, 433, 86, 6, 179, 633, 584, 700, 3, 7763, 621, 116, 4589, 9, 256, 704, 15, 490, 25, 141, 357, 361, 7, 0, 569, 114]
se	[2, 17, 4, 14, 9, 4, 13, 3, 5, 7, 2, 0, 0, 6, 7, 0, 8, 1, 4, 6, 0, 14, 0, 4, 1, 14, 5, 0, 0, 12, 120, 1, 0, 50, 3, 0, 20, 10, 4, 21, 4, 3, 7, 0, 2, 4, 0, 0, 14, 4]
st	[13, 34, 13, 22, 18, 7, 15, 12, 9, 17, 12, 2, 3, 25, 13, 1, 14, 14, 7, 6, 0, 46, 0, 39, 0, 14, 6, 1, 26, 9, 32, 53, 0, 126, 24, 3, 2278, 2, 363, 16, 3, 18, 1, 14, 15, 11, 0, 0, 17, 1]
t	[173, 242, 38, 179, 24, 49, 63, 67, 46, 169, 256, 0, 9, 321, 240, 0, 161, 28, 142, 214, 1, 83, 0, 417, 2, 267, 18, 2, 70, 290, 452, 197, 0, 782, 339, 20, 606, 7, 14, 824, 8, 219, 3, 35, 145, 143, 0, 0, 32, 118]
ti	[0, 2, 1, 6, 0, 0, 3, 7, 0, 4, 5, 0, 1, 7, 4, 0, 9, 3, 3, 4, 0, 4, 0, 11, 0, 4, 0, 0, 12, 11, 56, 6, 0, 33, 6, 0, 22, 5, 1, 9, 69, 12, 0, 0, 4, 4, 0, 0, 2, 4]
u	[38, 135, 49, 175, 23, 16, 55, 38, 144, 32, 142, 0, 3, 72, 81, 2, 64, 22, 30, 76, 0, 94, 0, 174, 4, 77, 0, 27, 37, 90, 235, 191, 0, 276, 96, 5, 14820, 2, 9, 111, 9, 384, 4, 8, 172, 74, 0, 0, 37, 90]
un	[0, 4, 1, 6, 3, 4, 0, 2, 2, 5, 3, 0, 0, 17, 7, 0, 1, 1, 3, 1, 0, 18, 0, 6, 0, 13, 13, 0, 6, 12, 13, 4, 0, 64, 9, 1, 22, 4, 0, 8, 1, 3, 18, 1, 1, 0, 0, 0, 9, 2]
us	[70, 352, 87, 159, 80, 50, 93, 83, 91, 17, 11, 0, 0, 23, 22, 1, 16, 30, 9, 16, 0, 115, 0, 56, 0, 5, 3, 1, 7, 38, 11, 28, 0, 384, 28, 4, 180, 0, 8, 13, 0, 94, 2, 335, 16, 21, 16, 0, 61, 8]
v	[64, 183, 24, 183, 23, 18, 83, 53, 47, 73, 128, 4, 17, 121, 91, 3, 118, 17, 83, 72, 1, 41, 0, 151, 5, 119, 9, 5, 19, 112, 237, 151, 0, 261, 148, 12, 259, 1, 12, 121, 3, 140, 1, 6, 404, 110, 2, 0, 24, 61]
w	[109, 147, 45, 127, 39, 15, 124, 95, 62, 230, 152, 5, 1, 236, 159, 0, 138, 17, 147, 279, 0, 89, 0, 162, 1, 221, 6, 0, 50, 566, 169, 134, 2, 375, 209, 7, 324, 0, 32, 148, 2, 92, 2, 223, 55, 736, 3, 0, 48, 100]
wi	[7, 1, 5, 1, 1, 0, 2, 0, 2, 2, 1, 0, 1, 2, 2, 0, 4, 1, 2, 1, 0, 5, 0, 15, 0, 2, 0, 0, 0, 0, 1, 3, 0, 0, 0, 0, 4, 0, 1, 1, 0, 4, 0, 32, 2, 5, 48, 0, 2, 2]
wn	[0, 1, 0, 0, 0, 0, 0, 0, 0, 0, 0, 0, 0, 0, 0, 0, 0, 0, 0, 0, 0, 0, 0, 1, 0, 0, 0, 0, 0, 0, 0, 0, 0, 1, 0, 0, 0, 0, 0, 0, 0, 0, 0, 0, 0, 0, 0, 0, 0, 0]
www	[8, 17, 9, 11, 279, 231, 5, 9, 9, 12, 14, 6, 3, 13, 52, 7, 23, 4, 36, 14, 1, 91, 0, 8, 32, 9, 5, 0, 10, 82, 13, 78, 0, 27, 33, 2, 31, 121, 28, 13, 0, 15, 51, 208, 5, 8, 9, 1, 41, 9]
y	[118, 156, 41, 145, 16, 20, 60, 57, 47, 79, 74, 0, 1, 72, 102, 0, 73, 21, 66, 76, 0, 40, 0, 105, 1, 63, 12, 0, 46, 100, 241, 57, 0, 196, 83, 0, 154, 4, 9, 106, 3, 81, 8, 6, 20, 58, 7, 0, 15, 352]
