0	[6053, 2866, 368, 1783, 442, 52, 1130, 963, 1035, 40, 116, 0, 0, 47, 107, 1, 78, 17, 80, 28, 1, 232, 0, 51, 0, 99, 11, 0, 169, 158, 235, 102, 0, 299, 23, 6, 89, 5, 7, 39, 0, 20, 0, 30, 74, 151, 0, 0, 49, 27]
1	[3176, 5265, 777, 4287, 705, 605, 2129, 1695, 1669, 117, 173, 3, 2, 98, 133, 9, 141, 103, 137, 108, 1, 635, 0, 176, 1, 130, 19, 5, 246, 447, 499, 453, 0, 806, 115, 13, 256, 3, 28, 102, 1, 90, 0, 99, 110, 143, 0, 0, 127, 173]
10	[519, 677, 866, 504, 598, 574, 391, 374, 415, 45, 77, 1, 0, 22, 56, 5, 33, 25, 22, 30, 0, 756, 0, 44, 3, 19, 5, 0, 44, 178, 151, 66, 0, 293, 9, 10, 137, 5, 14, 11, 0, 54, 0, 33, 8, 131, 2, 0, 175, 108]
2	[2125, 2760, 513, 3665, 656, 554, 2564, 1669, 1437, 146, 195, 0, 3, 154, 142, 2, 137, 63, 111, 166, 4, 530, 0, 136, 1, 132, 16, 2, 208, 379, 335, 331, 0, 965, 104, 14, 282, 9, 36, 86, 1, 98, 3, 106, 89, 126, 1, 0, 128, 203]
2010	[107, 296, 985, 178, 696, 378, 150, 97, 108, 20, 23, 0, 1, 27, 17, 10, 20, 67, 18, 26, 3, 1753, 0, 26, 0, 19, 3, 0, 65, 20, 34, 165, 0, 363, 29, 6, 126, 0, 18, 8, 1, 136, 6, 68, 15, 20, 1, 0, 1020, 20]
2011	[65, 252, 1052, 184, 145, 702, 127, 90, 126, 19, 17, 2, 0, 23, 20, 9, 11, 80, 11, 11, 0, 1777, 0, 21, 1, 22, 10, 0, 33, 18, 21, 122, 2, 573, 15, 15, 85, 0, 24, 22, 1, 71, 8, 48, 10, 9, 1, 0, 1084, 5]
3	[1580, 1773, 443, 1845, 567, 492, 2339, 1816, 1427, 55, 132, 0, 1, 119, 66, 9, 63, 46, 82, 99, 3, 564, 0, 57, 0, 93, 6, 1, 102, 306, 166, 203, 0, 655, 44, 11, 180, 3, 22, 31, 1, 39, 1, 34, 47, 96, 1, 0, 174, 127]
4	[1173, 1368, 383, 1410, 472, 499, 1277, 1360, 1396, 37, 111, 0, 0, 65, 65, 2, 46, 30, 61, 82, 0, 414, 0, 46, 1, 69, 5, 0, 64, 250, 118, 172, 0, 513, 42, 11, 163, 2, 14, 53, 1, 38, 2, 24, 24, 94, 1, 0, 85, 100]
5	[1073, 1221, 531, 1131, 486, 546, 1013, 1204, 1287, 39, 113, 1, 2, 36, 62, 4, 56, 35, 43, 60, 0, 533, 0, 43, 0, 100, 4, 1, 61, 299, 123, 157, 0, 455, 21, 12, 100, 2, 20, 43, 0, 393, 1, 35, 39, 82, 1, 0, 153, 116]
b	[80, 138, 30, 193, 65, 63, 90, 63, 23, 462, 845, 3, 1, 365, 139, 3, 149, 16, 130, 102, 0, 75, 0, 180, 4, 150, 13, 13, 66, 195, 239, 126, 0, 461, 273, 14, 249, 6, 6, 155, 11, 43, 0, 15, 78, 123, 0, 0, 18, 65]
c	[194, 273, 39, 262, 33, 26, 117, 97, 80, 226, 1411, 21, 2, 707, 358, 1, 612, 14, 156, 363, 0, 123, 0, 137, 5, 252, 12, 6, 52, 273, 178, 162, 1, 403, 318, 5, 365, 2, 10, 176, 5, 95, 1, 6, 79, 125, 0, 0, 40, 44]
ce	[2, 3, 0, 2, 2, 3, 1, 4, 0, 1, 1, 6, 0, 7, 3, 0, 0, 1, 1, 3, 0, 4, 0, 3, 0, 3, 1, 0, 1, 4, 5, 3, 0, 7, 4, 0, 8, 0, 2, 1, 0, 0, 0, 0, 1, 0, 0, 0, 2, 0]
cy	[0, 1, 2, 5, 0, 0, 1, 0, 1, 0, 3, 0, 0, 6, 3, 1, 2, 0, 3, 1, 0, 0, 0, 7, 0, 4, 0, 0, 1, 5, 4, 6, 0, 10, 5, 0, 3, 1, 1, 2, 0, 1, 1, 0, 0, 0, 0, 0, 0, 32]
d	[53, 131, 19, 138, 114, 71, 69, 50, 21, 276, 1305, 0, 8, 539, 348, 2, 251, 13, 164, 387, 0, 124, 0, 144, 5, 245, 12, 26, 66, 245, 267, 156, 0, 403, 270, 14, 321, 7, 11, 162, 7, 121, 72, 21, 72, 129, 8, 0, 41, 63]
e	[96, 130, 27, 149, 23, 18, 76, 62, 34, 198, 143, 1, 6, 298, 367, 6, 225, 19, 2662, 129, 0, 87, 0, 253, 6, 212, 36, 1, 61, 453, 154, 177, 1, 558, 213, 6, 298, 6, 27, 186, 8, 58, 8, 6, 75, 104, 0, 1, 29, 65]
eric	[0, 7, 4, 3, 3, 1, 1, 5, 3, 17, 3, 0, 0, 7, 4, 27, 1, 3, 3, 3, 0, 25, 0, 8, 0, 3, 1, 0, 1, 14, 4, 5, 0, 49, 9, 1, 62, 0, 0, 4, 0, 2, 0, 0, 7, 14, 0, 0, 8, 0]
f	[171, 230, 18, 155, 3, 7, 64, 48, 44, 226, 1040, 0, 2, 216, 131, 1, 407, 9, 253, 181, 0, 57, 0, 111, 1, 141, 10, 0, 22, 174, 252, 124, 0, 223, 525, 12, 149, 1, 7, 124, 8, 52, 4, 3, 98, 99, 0, 0, 13, 86]
first	[11, 41, 31, 55, 5, 5, 40, 25, 13, 20, 18, 4, 0, 35, 10, 3, 24, 45, 7, 2, 4, 66, 0, 44, 0, 9, 1, 1, 6, 16, 17, 13, 0, 477, 7, 8, 107, 0, 14, 4, 0, 82, 3, 24, 5, 1, 0, 0, 5, 1]
g	[59, 145, 21, 83, 9, 8, 108, 47, 31, 98, 148, 0, 4, 199, 199, 3, 103, 15, 263, 263, 0, 49, 0, 149, 1, 152, 8, 27, 16, 205, 252, 164, 1, 372, 191, 8, 260, 2, 11, 94, 1, 43, 2, 8, 58, 127, 1, 0, 12, 52]
h	[155, 125, 32, 335, 9, 7, 97, 59, 51, 108, 278, 1, 4, 164, 185, 3, 119, 3, 179, 470, 0, 53, 0, 189, 1, 268, 11, 4, 8, 267, 187, 176, 2, 259, 278, 7, 242, 3, 8, 152, 9, 62, 2, 5, 56, 240, 0, 0, 10, 46]
hd	[0, 1, 0, 4, 0, 0, 0, 2, 2, 5, 0, 0, 0, 1, 0, 0, 0, 0, 0, 0, 5, 2, 0, 0, 0, 0, 0, 0, 0, 1, 0, 0, 0, 6, 0, 0, 0, 0, 1, 0, 0, 0, 0, 0, 0, 0, 0, 0, 1, 0]
http	[6, 10, 1, 4, 61, 3, 1, 2, 1, 5, 4, 5, 0, 9, 28, 24, 7, 1, 3, 9, 0, 2, 0, 7, 7, 1, 3, 1, 1, 13, 9, 0, 1, 0, 2, 3, 9, 17, 10, 0, 0, 15, 98, 66, 3, 0, 3, 2, 51991, 2]
i	[71, 321, 49, 110, 11, 7, 66, 30, 66, 170, 143, 1, 3, 313, 2056, 5, 77, 50, 71, 71, 0, 76, 0, 933, 3, 120, 23, 235, 71, 1095, 452, 167, 0, 688, 88, 13, 304, 2, 19, 274, 11, 179, 3, 75, 123, 90, 5, 0, 25, 73]
ir	[0, 2, 0, 6, 12, 3, 2, 0, 1, 3, 6, 0, 0, 1, 2, 0, 1, 0, 0, 0, 0, 0, 0, 4, 2, 1, 0, 0, 1, 0, 15, 0, 0, 6, 2, 1, 5, 0, 0, 2, 0, 0, 0, 0, 3, 0, 0, 0, 0, 0]
l	[56, 150, 18, 88, 7, 13, 41, 52, 12, 117, 175, 0, 14, 295, 151, 2, 94, 12, 122, 127, 0, 48, 0, 139, 2, 303, 12, 10, 36, 307, 257, 178, 0, 341, 227, 9, 280, 4, 10, 133, 2, 61, 4, 11, 90, 94, 2, 1, 11, 60]
le	[2, 17, 6, 8, 1, 3, 4, 7, 4, 14, 11, 0, 0, 112, 15, 0, 7, 3, 6, 10, 0, 7, 0, 6, 0, 17, 38, 0, 13, 44, 418, 28, 0, 67, 37, 22, 29, 3, 1, 27, 1, 0, 1, 0, 3, 2, 0, 1, 0, 10]
ll	[2, 4, 1, 2, 0, 0, 0, 1, 0, 20, 0, 0, 0, 25, 0, 0, 1, 0, 0, 35, 0, 6, 0, 1, 0, 3, 1, 6, 5, 24, 12, 0, 0, 26, 1, 0, 11, 0, 0, 8, 0, 0, 0, 0, 0, 0, 0, 0, 1, 0]
lt	[114, 108, 17, 49, 1, 1, 12, 6, 18, 102, 25, 0, 0, 28, 26, 0, 8, 0, 13, 13, 0, 111, 0, 63, 7, 7, 1, 3, 114, 112, 21, 96, 0, 36, 15, 2, 86, 0, 4, 96, 0, 55, 0, 1, 37, 9, 0, 0, 82, 17]
m	[386, 335, 57, 374, 50, 30, 183, 76, 77, 189, 307, 2, 11, 359, 292, 3, 204, 20, 152, 186, 0, 109, 0, 226, 1, 278, 27, 6, 38, 661, 662, 257, 0, 467, 342, 55, 627, 3, 38, 249, 5, 49, 3, 29, 120, 195, 2, 0, 34, 88]
n	[290, 710, 147, 453, 24, 11, 167, 184, 111, 201, 292, 2, 29, 298, 457, 1, 97, 29, 161, 162, 1, 75, 0, 259, 2, 198, 20, 6, 67, 462, 1156, 268, 0, 478, 221, 5, 477, 4, 36, 390, 9, 60, 9, 5, 119, 144, 1, 0, 21, 309]
p	[66, 371, 147, 296, 28, 25, 248, 230, 185, 134, 215, 1, 11, 234, 166, 2, 170, 18, 166, 99, 0, 116, 0, 134, 0, 178, 20, 11, 44, 500, 339, 450, 0, 671, 272, 79, 266, 3, 10, 260, 23, 47, 3, 3, 58, 92, 1, 0, 8, 39]
pos	[1, 1, 0, 0, 0, 0, 0, 0, 0, 0, 1, 0, 0, 0, 1, 0, 0, 0, 2, 0, 0, 0, 0, 0, 0, 0, 0, 0, 0, 0, 1, 1, 0, 3, 0, 0, 0, 0, 0, 1, 0, 0, 0, 0, 1, 3, 0, 0, 0, 0]
quot	[259, 758, 293, 846, 277, 253, 534, 428, 330, 346, 321, 6, 10, 344, 487, 49, 213, 657, 240, 186, 1, 2924, 0, 3432, 7, 330, 123, 22, 407, 478, 352, 931, 2, 42983, 391, 106, 695, 40, 158, 266, 22, 307, 80, 291, 144, 698, 3, 2, 1954, 127]
r	[41, 131, 33, 141, 22, 25, 110, 21, 25, 430, 279, 2, 5, 357, 278, 2, 159, 21, 199, 190, 0, 79, 0, 196, 4, 242, 10, 3, 86, 379, 315, 200, 0, 468, 688, 3, 512, 38, 6, 234, 22, 81, 4, 155, 148, 177, 0, 0, 10, 49]
re	[1, 10, 4, 10, 2, 0, 5, 12, 7, 6, 6, 1, 0, 8, 22, 0, 4, 3, 4, 1, 0, 14, 0, 9, 2, 15, 8, 0, 12, 8, 6, 11, 0, 134, 5, 26, 33, 0, 0, 4, 3, 1, 1, 4, 2, 3, 0, 0, 0, 0]
s	[174, 532, 219, 405, 160, 121, 260, 196, 269, 206, 414, 5, 14, 374, 299, 26, 209, 2542, 183, 224, 6, 803, 0, 478, 3, 264, 58, 2, 129, 418, 389, 399, 3, 5165, 450, 62, 1919, 5, 142, 487, 9, 240, 17, 53, 241, 176, 4, 0, 173, 80]
se	[1, 5, 1, 11, 3, 2, 11, 2, 1, 5, 2, 0, 0, 3, 5, 0, 3, 0, 4, 6, 0, 13, 0, 3, 1, 11, 3, 0, 0, 9, 113, 0, 0, 33, 0, 0, 9, 6, 3, 19, 3, 3, 6, 0, 1, 4, 0, 0, 12, 3]
st	[3, 14, 7, 11, 7, 0, 4, 0, 4, 8, 7, 1, 0, 22, 8, 0, 12, 3, 6, 3, 0, 21, 0, 29, 0, 9, 5, 0, 19, 5, 18, 44, 0, 74, 21, 2, 96, 1, 99, 15, 3, 5, 0, 9, 13, 5, 0, 0, 0, 1]
t	[124, 181, 27, 125, 8, 40, 48, 45, 26, 121, 196, 0, 6, 223, 183, 0, 114, 18, 88, 174, 1, 49, 0, 257, 2, 197, 13, 1, 45, 187, 328, 118, 0, 479, 277, 13, 426, 6, 9, 494, 7, 162, 1, 27, 112, 96, 0, 0, 12, 90]
ti	[0, 2, 1, 4, 0, 0, 2, 0, 0, 4, 3, 0, 1, 5, 3, 0, 9, 0, 1, 4, 0, 3, 0, 9, 0, 3, 0, 0, 12, 9, 46, 6, 0, 23, 4, 0, 16, 4, 1, 5, 24, 8, 0, 0, 4, 2, 0, 0, 2, 1]
u	[15, 58, 15, 62, 11, 8, 26, 16, 16, 14, 125, 0, 3, 55, 50, 1, 47, 12, 20, 37, 0, 49, 0, 119, 3, 47, 0, 27, 21, 67, 209, 169, 0, 145, 55, 2, 14717, 1, 6, 87, 7, 198, 2, 2, 133, 61, 0, 0, 5, 56]
un	[0, 2, 0, 1, 3, 1, 0, 1, 2, 1, 2, 0, 0, 15, 3, 0, 0, 1, 3, 1, 0, 14, 0, 5, 0, 3, 6, 0, 4, 8, 9, 4, 0, 35, 6, 1, 17, 1, 0, 3, 0, 1, 12, 1, 1, 0, 0, 0, 1, 0]
us	[49, 235, 64, 121, 32, 22, 77, 67, 69, 8, 7, 0, 0, 15, 9, 0, 4, 16, 6, 6, 0, 70, 0, 21, 0, 3, 3, 0, 5, 14, 4, 14, 0, 286, 14, 1, 98, 0, 3, 4, 0, 86, 1, 159, 7, 5, 9, 0, 38, 7]
v	[46, 138, 14, 130, 14, 7, 59, 30, 31, 51, 87, 3, 11, 85, 70, 2, 77, 9, 68, 56, 1, 27, 0, 117, 4, 91, 6, 5, 11, 86, 173, 115, 0, 195, 105, 5, 180, 1, 8, 98, 2, 40, 0, 4, 215, 77, 1, 0, 12, 34]
w	[56, 102, 26, 97, 23, 10, 100, 78, 46, 182, 99, 5, 1, 181, 107, 0, 114, 10, 115, 244, 0, 70, 0, 102, 0, 183, 1, 0, 39, 337, 125, 88, 1, 272, 160, 5, 155, 0, 21, 116, 1, 66, 1, 103, 46, 542, 2, 0, 31, 63]
wi	[6, 0, 3, 1, 0, 0, 1, 0, 1, 2, 1, 0, 0, 2, 1, 0, 4, 0, 2, 1, 0, 4, 0, 10, 0, 2, 0, 0, 0, 0, 1, 0, 0, 0, 0, 0, 3, 0, 0, 1, 0, 3, 0, 28, 2, 4, 38, 0, 2, 2]
wn	[0, 1, 0, 0, 0, 0, 0, 0, 0, 0, 0, 0, 0, 0, 0, 0, 0, 0, 0, 0, 0, 0, 0, 0, 0, 0, 0, 0, 0, 0, 0, 0, 0, 1, 0, 0, 0, 0, 0, 0, 0, 0, 0, 0, 0, 0, 0, 0, 0, 0]
www	[0, 3, 6, 2, 3, 0, 0, 1, 1, 5, 6, 5, 0, 3, 29, 5, 8, 1, 4, 10, 0, 3, 0, 5, 21, 6, 5, 0, 9, 4, 7, 2, 0, 0, 5, 2, 9, 112, 11, 0, 0, 10, 38, 70, 1, 4, 0, 0, 4, 2]
y	[97, 89, 25, 93, 12, 15, 34, 38, 26, 62, 54, 0, 0, 47, 77, 0, 58, 7, 50, 59, 0, 27, 0, 76, 0, 49, 8, 0, 33, 70, 179, 45, 0, 146, 48, 0, 120, 3, 7, 91, 3, 41, 4, 3, 11, 50, 5, 0, 9, 218]
