0	[14772, 7227, 694, 4772, 737, 157, 3557, 3243, 3267, 105, 205, 1, 2, 103, 183, 7, 168, 92, 149, 137, 1, 944, 0, 120, 0, 158, 21, 2, 249, 335, 484, 606, 1, 775, 74, 23, 322, 9, 25, 93, 2, 48, 0, 50, 109, 226, 0, 0, 161, 79]
1	[6335, 11186, 1666, 7563, 1143, 863, 4189, 3322, 3165, 259, 374, 4, 6, 259, 274, 17, 279, 293, 259, 218, 4, 1452, 0, 424, 1, 236, 36, 7, 409, 752, 914, 767, 1, 1566, 262, 40, 822, 4, 60, 230, 2, 229, 3, 197, 205, 236, 1, 0, 624, 248]
10	[877, 1237, 1963, 989, 890, 736, 805, 757, 743, 87, 140, 1, 2, 69, 136, 11, 82, 93, 68, 86, 1, 1293, 0, 86, 5, 41, 8, 0, 78, 325, 227, 130, 1, 579, 48, 20, 450, 8, 33, 55, 0, 114, 6, 71, 17, 183, 4, 0, 648, 143]
2	[3774, 5400, 1271, 7809, 997, 771, 4567, 2834, 2480, 271, 381, 1, 7, 296, 280, 12, 264, 178, 221, 340, 6, 1139, 0, 297, 3, 224, 36, 6, 346, 649, 635, 526, 0, 1746, 258, 24, 754, 21, 70, 202, 4, 197, 8, 179, 160, 212, 1, 0, 533, 279]
2010	[267, 647, 1228, 377, 2460, 1238, 315, 215, 308, 52, 69, 0, 1, 76, 44, 17, 59, 207, 31, 48, 3, 3232, 0, 63, 3, 45, 5, 3, 83, 69, 80, 211, 1, 723, 52, 19, 629, 13, 43, 26, 2, 196, 10, 142, 31, 43, 2, 0, 1998, 60]
2011	[211, 502, 1243, 365, 452, 2610, 261, 210, 250, 45, 45, 2, 0, 73, 43, 14, 42, 225, 34, 32, 4, 2903, 0, 61, 1, 46, 19, 0, 53, 68, 73, 151, 2, 927, 53, 30, 584, 4, 45, 47, 3, 112, 14, 103, 27, 27, 3, 0, 1786, 85]
3	[2862, 3450, 1034, 3493, 845, 641, 4741, 3304, 2403, 146, 265, 5, 1, 230, 141, 16, 134, 142, 157, 207, 4, 1048, 0, 134, 0, 173, 15, 6, 193, 481, 306, 376, 1, 1238, 132, 29, 518, 12, 42, 97, 5, 126, 4, 83, 92, 211, 1, 0, 503, 166]
4	[2178, 2631, 901, 2531, 699, 625, 2391, 2751, 2453, 86, 201, 3, 0, 135, 136, 5, 91, 120, 115, 155, 1, 823, 0, 99, 2, 150, 16, 1, 120, 395, 284, 267, 1, 979, 112, 25, 420, 4, 33, 86, 1, 97, 9, 82, 48, 183, 1, 0, 388, 124]
5	[1987, 2280, 992, 2067, 690, 656, 1927, 1962, 2617, 95, 193, 2, 5, 92, 118, 11, 107, 105, 78, 129, 1, 853, 0, 102, 1, 135, 10, 1, 131, 459, 202, 239, 1, 905, 67, 27, 769, 10, 39, 64, 2, 457, 5, 81, 73, 136, 3, 0, 485, 135]
b	[186, 305, 106, 379, 91, 79, 200, 144, 87, 1155, 1177, 3, 3, 666, 305, 6, 302, 45, 236, 215, 1, 133, 0, 287, 6, 265, 36, 18, 149, 345, 369, 271, 1, 763, 404, 20, 581, 10, 21, 280, 17, 94, 10, 24, 118, 177, 0, 0, 58, 97]
c	[291, 430, 92, 447, 75, 84, 223, 174, 165, 446, 2896, 30, 9, 986, 554, 5, 902, 57, 311, 543, 0, 266, 0, 229, 10, 357, 28, 10, 113, 461, 352, 311, 1, 692, 468, 10, 762, 4, 22, 301, 8, 146, 9, 17, 150, 210, 0, 0, 131, 93]
ce	[2, 4, 1, 7, 3, 4, 2, 5, 1, 1, 3, 33, 0, 12, 4, 0, 0, 1, 2, 6, 0, 6, 0, 7, 0, 6, 3, 0, 1, 6, 7, 6, 0, 13, 5, 1, 17, 1, 4, 2, 1, 0, 0, 0, 2, 1, 0, 0, 3, 1]
cy	[2, 2, 4, 10, 0, 0, 3, 1, 6, 2, 9, 0, 6, 10, 5, 2, 9, 0, 6, 3, 0, 0, 0, 9, 0, 7, 0, 0, 1, 6, 14, 8, 0, 23, 9, 0, 13, 1, 1, 4, 0, 1, 1, 0, 0, 0, 0, 0, 0, 40]
d	[128, 310, 102, 276, 152, 117, 175, 132, 80, 433, 1490, 2, 26, 1411, 579, 11, 403, 64, 384, 573, 1, 233, 0, 263, 10, 492, 61, 29, 175, 460, 440, 314, 0, 806, 586, 21, 824, 9, 28, 323, 22, 178, 84, 31, 128, 222, 9, 1, 123, 114]
e	[176, 281, 73, 291, 56, 42, 155, 130, 76, 307, 280, 1, 10, 450, 980, 9, 327, 69, 2770, 271, 0, 158, 0, 429, 9, 337, 56, 2, 108, 601, 481, 298, 1, 954, 357, 19, 775, 14, 38, 334, 12, 126, 19, 13, 118, 206, 2, 1, 96, 131]
eric	[2, 12, 6, 7, 10, 4, 14, 8, 6, 22, 6, 0, 0, 10, 7, 102, 3, 6, 7, 3, 0, 36, 0, 14, 0, 8, 2, 0, 1, 19, 7, 6, 0, 82, 9, 2, 115, 0, 3, 5, 0, 4, 0, 2, 7, 15, 0, 0, 26, 0]
f	[235, 385, 43, 262, 28, 48, 121, 59, 68, 325, 1237, 0, 2, 349, 221, 5, 1081, 45, 392, 281, 0, 112, 0, 220, 2, 218, 16, 0, 62, 282, 333, 234, 0, 402, 656, 20, 389, 3, 19, 203, 8, 87, 7, 11, 168, 162, 0, 0, 58, 128]
first	[74, 174, 91, 134, 52, 52, 118, 75, 48, 51, 54, 7, 0, 83, 35, 9, 47, 285, 29, 26, 6, 214, 0, 110, 1, 29, 10, 2, 18, 47, 50, 60, 0, 1165, 38, 23, 452, 3, 57, 22, 3, 139, 4, 57, 17, 16, 1, 0, 93, 6]
g	[122, 268, 44, 160, 35, 18, 162, 105, 64, 183, 300, 2, 4, 330, 319, 5, 200, 43, 721, 412, 0, 87, 0, 228, 1, 270, 19, 28, 30, 325, 343, 267, 1, 638, 328, 15, 654, 4, 17, 203, 2, 67, 3, 16, 105, 203, 1, 0, 35, 88]
h	[237, 214, 54, 509, 24, 16, 200, 125, 88, 193, 437, 3, 5, 312, 277, 3, 217, 25, 252, 974, 0, 121, 0, 298, 3, 421, 22, 8, 21, 414, 345, 283, 2, 461, 422, 12, 564, 5, 16, 259, 10, 110, 4, 12, 100, 309, 1, 0, 54, 98]
hd	[0, 4, 1, 6, 1, 4, 3, 4, 2, 6, 0, 0, 0, 1, 0, 0, 0, 2, 0, 0, 16, 4, 0, 0, 0, 0, 0, 0, 0, 1, 0, 0, 0, 7, 0, 0, 8, 0, 1, 0, 0, 0, 0, 0, 0, 0, 0, 0, 2, 0]
http	[16, 39, 62, 26, 490, 415, 11, 10, 10, 24, 24, 7, 3, 22, 64, 28, 25, 3, 45, 30, 1, 79, 0, 23, 70, 11, 6, 1, 19, 104, 16, 313, 1, 10, 35, 6, 56, 149, 32, 13, 1, 27, 117, 349, 15, 15, 8, 3, 52032, 7]
i	[150, 615, 98, 244, 32, 35, 151, 71, 138, 280, 238, 9, 8, 465, 2184, 9, 142, 143, 126, 125, 0, 147, 0, 2681, 8, 225, 39, 254, 125, 1221, 750, 269, 0, 1831, 183, 50, 711, 8, 43, 1130, 24, 305, 8, 131, 188, 152, 15, 0, 75, 116]
ir	[0, 2, 3, 11, 13, 5, 2, 0, 1, 3, 15, 0, 0, 7, 3, 1, 1, 0, 2, 2, 0, 9, 0, 8, 24, 1, 0, 0, 4, 1, 16, 0, 0, 13, 4, 1, 11, 0, 0, 2, 0, 2, 0, 0, 4, 1, 0, 0, 0, 0]
l	[100, 219, 48, 169, 36, 37, 87, 85, 42, 219, 287, 3, 16, 496, 318, 5, 162, 46, 217, 207, 0, 104, 0, 217, 2, 910, 43, 14, 67, 518, 432, 296, 1, 651, 369, 27, 639, 9, 17, 248, 5, 99, 7, 18, 145, 191, 3, 1, 55, 98]
le	[8, 42, 9, 28, 6, 10, 17, 12, 9, 19, 29, 2, 0, 132, 27, 0, 12, 17, 10, 28, 0, 21, 0, 21, 1, 76, 157, 0, 20, 70, 435, 39, 0, 146, 44, 31, 146, 4, 6, 40, 2, 2, 5, 3, 5, 7, 0, 1, 8, 17]
ll	[3, 7, 1, 2, 4, 2, 4, 5, 2, 28, 1, 0, 0, 28, 3, 0, 2, 4, 0, 36, 0, 11, 0, 13, 0, 5, 1, 9, 6, 27, 16, 5, 0, 125, 5, 0, 16, 0, 1, 11, 0, 2, 0, 0, 1, 2, 0, 0, 3, 0]
lt	[250, 426, 73, 344, 18, 10, 157, 87, 90, 171, 81, 1, 1, 95, 54, 1, 39, 30, 46, 39, 0, 161, 0, 112, 12, 44, 10, 4, 6074, 159, 104, 138, 0, 2008, 76, 6, 244, 0, 15, 138, 7, 99, 0, 11, 64, 36, 0, 0, 106, 39]
m	[495, 575, 141, 554, 101, 64, 314, 197, 182, 341, 503, 2, 26, 580, 476, 7, 299, 75, 259, 385, 0, 201, 0, 443, 5, 463, 48, 9, 70, 1946, 1030, 519, 0, 1311, 573, 65, 1112, 9, 50, 433, 11, 87, 9, 50, 186, 320, 3, 0, 100, 144]
n	[523, 1150, 237, 721, 48, 42, 286, 283, 200, 311, 441, 5, 40, 488, 1481, 2, 184, 98, 261, 292, 1, 154, 0, 484, 4, 360, 67, 8, 148, 776, 2634, 440, 0, 904, 411, 11, 818, 16, 58, 624, 33, 147, 17, 20, 184, 2768, 3, 0, 81, 445]
p	[504, 692, 215, 475, 97, 73, 366, 297, 260, 280, 349, 2, 23, 397, 346, 9, 271, 143, 259, 205, 0, 197, 0, 281, 0, 305, 31, 12, 75, 683, 509, 1561, 0, 1169, 462, 89, 885, 6, 46, 403, 28, 97, 5, 17, 130, 166, 1, 0, 98, 71]
pos	[1, 1, 0, 0, 0, 0, 1, 0, 0, 0, 2, 0, 0, 4, 1, 0, 0, 0, 2, 0, 0, 0, 0, 0, 0, 3, 0, 0, 0, 0, 3, 2, 2, 7, 1, 0, 0, 0, 0, 1, 0, 0, 0, 0, 2, 4, 0, 0, 0, 0]
quot	[542, 1576, 661, 1603, 625, 643, 1133, 900, 779, 663, 657, 13, 22, 708, 907, 85, 399, 1309, 452, 384, 3, 4048, 0, 4633, 18, 554, 173, 188, 1693, 1289, 791, 1934, 3, 103741, 684, 344, 6047, 63, 266, 1257, 37, 549, 135, 592, 291, 945, 4, 3, 2509, 229]
r	[105, 249, 61, 262, 45, 50, 181, 67, 61, 597, 469, 6, 8, 680, 411, 5, 275, 46, 330, 299, 0, 139, 0, 311, 9, 419, 16, 5, 170, 580, 471, 339, 0, 801, 1467, 11, 1010, 44, 19, 379, 27, 158, 12, 161, 248, 270, 1, 0, 65, 95]
re	[10, 45, 15, 26, 24, 12, 20, 24, 25, 17, 13, 2, 0, 20, 37, 1, 10, 18, 11, 4, 0, 37, 0, 28, 2, 26, 20, 1, 16, 19, 15, 19, 0, 321, 23, 106, 73, 0, 5, 10, 3, 12, 2, 11, 3, 7, 0, 0, 12, 0]
s	[505, 1162, 540, 939, 541, 458, 643, 467, 814, 470, 763, 16, 23, 825, 838, 46, 392, 3129, 404, 486, 13, 2021, 0, 1019, 5, 601, 118, 16, 270, 870, 780, 959, 5, 10272, 814, 167, 8104, 15, 342, 902, 20, 1042, 50, 237, 464, 500, 10, 0, 985, 178]
se	[3, 20, 4, 22, 10, 5, 15, 4, 5, 9, 2, 1, 0, 11, 8, 1, 12, 1, 5, 8, 0, 16, 0, 6, 1, 15, 6, 0, 0, 15, 126, 3, 0, 69, 4, 0, 30, 29, 4, 24, 4, 3, 8, 0, 3, 4, 0, 0, 15, 5]
st	[39, 53, 16, 40, 24, 14, 26, 16, 16, 20, 23, 2, 5, 35, 18, 1, 17, 31, 12, 8, 0, 68, 0, 53, 0, 21, 12, 1, 32, 20, 39, 69, 0, 182, 27, 6, 2344, 2, 592, 18, 4, 21, 1, 17, 17, 20, 1, 0, 34, 1]
t	[205, 312, 56, 235, 31, 62, 81, 82, 65, 208, 327, 0, 11, 393, 306, 4, 204, 47, 180, 271, 1, 113, 0, 526, 2, 314, 26, 8, 87, 379, 570, 260, 0, 1119, 403, 36, 799, 8, 21, 1189, 13, 250, 4, 42, 179, 170, 0, 0, 57, 143]
ti	[0, 2, 3, 6, 1, 0, 5, 7, 0, 7, 7, 0, 1, 14, 7, 0, 9, 7, 5, 5, 0, 5, 0, 13, 0, 4, 2, 1, 12, 16, 64, 9, 0, 43, 9, 1, 27, 5, 1, 12, 95, 13, 0, 0, 5, 4, 0, 0, 3, 4]
u	[72, 176, 71, 198, 95, 61, 87, 57, 190, 60, 166, 0, 4, 106, 121, 2, 89, 39, 40, 96, 0, 168, 0, 223, 5, 92, 1, 27, 46, 109, 256, 221, 0, 403, 119, 8, 15010, 3, 12, 163, 12, 728, 8, 37, 194, 124, 1, 0, 68, 125]
un	[3, 6, 3, 8, 4, 6, 2, 4, 3, 6, 5, 0, 0, 28, 10, 0, 2, 2, 3, 1, 0, 25, 0, 10, 0, 17, 14, 0, 7, 14, 18, 5, 0, 84, 9, 1, 37, 6, 0, 10, 1, 4, 29, 3, 1, 3, 0, 0, 12, 3]
us	[100, 413, 115, 200, 134, 97, 122, 97, 110, 27, 18, 0, 0, 34, 30, 2, 20, 52, 14, 18, 1, 188, 0, 79, 1, 13, 3, 3, 9, 47, 15, 40, 0, 478, 47, 7, 246, 1, 13, 26, 0, 106, 2, 505, 19, 30, 22, 0, 96, 9]
v	[75, 211, 38, 214, 37, 28, 104, 64, 61, 101, 158, 4, 19, 161, 117, 4, 142, 25, 98, 92, 1, 64, 0, 185, 6, 150, 14, 6, 25, 144, 283, 203, 0, 335, 179, 15, 408, 1, 15, 142, 3, 175, 1, 11, 564, 132, 3, 0, 32, 77]
w	[171, 186, 64, 154, 49, 20, 148, 116, 76, 250, 181, 5, 1, 294, 205, 1, 163, 30, 186, 318, 0, 113, 0, 206, 1, 268, 7, 1, 71, 705, 436, 177, 3, 535, 248, 9, 478, 0, 43, 178, 3, 114, 2, 243, 72, 993, 8, 0, 64, 132]
wi	[7, 3, 6, 2, 1, 0, 2, 1, 3, 2, 1, 0, 1, 3, 2, 0, 4, 1, 2, 1, 0, 7, 0, 18, 0, 2, 0, 0, 0, 0, 1, 4, 0, 0, 0, 0, 7, 0, 3, 2, 0, 4, 0, 34, 3, 6, 68, 0, 2, 2]
wn	[0, 1, 0, 0, 0, 0, 0, 0, 0, 0, 0, 0, 0, 1, 0, 0, 0, 0, 0, 0, 0, 0, 0, 1, 0, 0, 0, 0, 0, 0, 0, 1, 0, 1, 0, 0, 1, 0, 0, 1, 0, 0, 0, 0, 0, 0, 0, 0, 0, 0]
www	[162, 73, 191, 69, 583, 491, 37, 26, 27, 28, 41, 9, 3, 30, 77, 9, 37, 13, 44, 22, 6, 177, 0, 35, 39, 12, 5, 5, 17, 124, 24, 118, 0, 45, 41, 5, 91, 123, 42, 22, 1, 21, 56, 728, 272, 15, 9, 1, 335, 12]
y	[149, 209, 53, 203, 21, 22, 86, 79, 69, 101, 97, 0, 1, 87, 117, 0, 102, 29, 73, 99, 0, 52, 0, 139, 1, 81, 14, 0, 54, 129, 305, 83, 0, 243, 109, 0, 227, 5, 12, 142, 3, 106, 11, 6, 36, 65, 8, 0, 24, 547]
