0	[2786, 1676, 220, 1009, 137, 23, 736, 608, 730, 16, 55, 0, 0, 15, 55, 0, 34, 6, 14, 15, 0, 101, 0, 17, 0, 58, 6, 0, 118, 61, 143, 63, 0, 123, 4, 4, 30, 2, 1, 10, 0, 0, 0, 17, 35, 60, 0, 0, 3, 10]
1	[1707, 2162, 390, 2340, 375, 250, 1169, 1017, 1045, 54, 86, 3, 2, 30, 64, 1, 69, 26, 53, 52, 1, 225, 0, 72, 0, 35, 13, 4, 134, 131, 228, 316, 0, 378, 60, 8, 54, 3, 16, 50, 1, 42, 0, 51, 57, 76, 0, 0, 8, 57]
10	[283, 357, 388, 313, 244, 205, 244, 267, 308, 25, 45, 1, 0, 13, 30, 2, 18, 10, 12, 10, 0, 277, 0, 12, 0, 6, 1, 0, 12, 52, 75, 27, 0, 140, 1, 6, 20, 3, 4, 1, 0, 10, 0, 11, 2, 57, 0, 0, 1, 36]
2	[1421, 1550, 276, 1254, 268, 212, 1355, 909, 910, 101, 114, 0, 1, 71, 43, 1, 87, 20, 51, 91, 3, 252, 0, 49, 1, 33, 10, 2, 109, 128, 170, 219, 0, 603, 59, 7, 109, 9, 17, 37, 1, 65, 2, 22, 45, 42, 0, 0, 5, 79]
2010	[19, 129, 706, 72, 168, 211, 57, 42, 37, 1, 10, 0, 1, 10, 7, 5, 8, 16, 3, 15, 1, 1450, 0, 9, 0, 9, 2, 0, 52, 8, 14, 150, 0, 296, 8, 1, 13, 0, 10, 3, 0, 83, 4, 49, 4, 7, 1, 0, 17, 14]
2011	[21, 99, 744, 80, 46, 186, 62, 30, 59, 5, 4, 0, 0, 3, 7, 5, 5, 20, 3, 7, 0, 1585, 0, 5, 0, 7, 3, 0, 26, 4, 12, 103, 0, 483, 3, 6, 9, 0, 14, 12, 1, 47, 1, 26, 5, 3, 0, 0, 18, 2]
3	[1040, 954, 277, 1003, 335, 186, 1061, 998, 906, 19, 74, 0, 0, 85, 27, 4, 27, 7, 38, 33, 0, 291, 0, 19, 0, 31, 1, 1, 49, 116, 82, 110, 0, 281, 14, 4, 66, 2, 8, 9, 0, 19, 0, 4, 15, 35, 0, 0, 7, 32]
4	[712, 761, 219, 732, 209, 202, 723, 673, 823, 16, 60, 0, 0, 38, 17, 2, 23, 12, 37, 36, 0, 171, 0, 8, 1, 13, 2, 0, 39, 97, 51, 104, 0, 225, 10, 8, 28, 1, 6, 17, 0, 24, 1, 5, 11, 36, 0, 0, 20, 37]
5	[613, 691, 306, 590, 280, 217, 565, 512, 633, 23, 80, 0, 1, 8, 24, 1, 16, 11, 22, 23, 0, 197, 0, 23, 0, 43, 3, 1, 26, 177, 66, 105, 0, 240, 0, 10, 20, 1, 9, 18, 0, 10, 0, 7, 24, 36, 0, 0, 29, 30]
b	[40, 76, 16, 140, 9, 3, 43, 31, 8, 188, 547, 3, 0, 110, 88, 3, 82, 6, 59, 48, 0, 29, 0, 129, 2, 107, 8, 11, 43, 78, 111, 60, 0, 186, 189, 1, 135, 6, 4, 84, 0, 13, 0, 11, 48, 70, 0, 0, 0, 33]
c	[131, 151, 19, 166, 16, 13, 78, 64, 50, 96, 366, 10, 2, 253, 173, 1, 451, 0, 81, 196, 0, 60, 0, 91, 4, 196, 2, 5, 38, 130, 116, 92, 0, 195, 162, 5, 167, 0, 3, 109, 1, 57, 1, 3, 51, 83, 0, 0, 0, 25]
ce	[0, 3, 0, 0, 0, 0, 0, 2, 0, 0, 0, 1, 0, 3, 0, 0, 0, 0, 1, 1, 0, 3, 0, 2, 0, 1, 0, 0, 1, 0, 4, 0, 0, 5, 0, 0, 2, 0, 1, 0, 0, 0, 0, 0, 0, 0, 0, 0, 0, 0]
cy	[0, 1, 2, 3, 0, 0, 1, 0, 1, 0, 2, 0, 0, 2, 0, 1, 0, 0, 2, 0, 0, 0, 0, 0, 0, 1, 0, 0, 1, 2, 0, 1, 0, 0, 1, 0, 1, 1, 0, 2, 0, 0, 1, 0, 0, 0, 0, 0, 0, 8]
d	[21, 69, 9, 87, 97, 64, 41, 34, 10, 204, 1198, 0, 4, 223, 187, 1, 127, 4, 99, 312, 0, 57, 0, 91, 2, 153, 6, 23, 53, 126, 162, 71, 0, 164, 174, 10, 135, 4, 4, 79, 1, 51, 11, 17, 30, 79, 7, 0, 0, 28]
e	[38, 49, 10, 67, 11, 8, 30, 27, 7, 132, 74, 0, 4, 200, 134, 3, 157, 4, 2546, 81, 0, 30, 0, 152, 4, 136, 13, 0, 37, 359, 78, 119, 0, 234, 112, 2, 117, 3, 4, 111, 7, 32, 4, 1, 56, 73, 0, 0, 3, 37]
eric	[0, 0, 0, 0, 0, 0, 0, 0, 1, 14, 0, 0, 0, 5, 3, 10, 1, 1, 3, 3, 0, 10, 0, 6, 0, 3, 0, 0, 0, 11, 4, 4, 0, 28, 7, 1, 27, 0, 0, 1, 0, 0, 0, 0, 6, 14, 0, 0, 0, 0]
f	[88, 156, 11, 118, 1, 1, 33, 36, 22, 116, 904, 0, 0, 141, 65, 1, 75, 1, 145, 83, 0, 20, 0, 45, 0, 83, 2, 0, 10, 108, 76, 71, 0, 118, 442, 9, 61, 0, 4, 73, 7, 34, 4, 0, 54, 79, 0, 0, 0, 38]
first	[1, 9, 19, 32, 2, 0, 26, 12, 2, 8, 7, 0, 0, 13, 2, 0, 11, 7, 2, 0, 3, 7, 0, 6, 0, 3, 0, 0, 0, 5, 4, 2, 0, 146, 2, 4, 4, 0, 5, 2, 0, 65, 0, 15, 2, 1, 0, 0, 0, 0]
g	[33, 74, 12, 43, 3, 4, 24, 20, 8, 56, 68, 0, 1, 101, 137, 0, 55, 3, 93, 164, 0, 21, 0, 87, 1, 95, 5, 4, 5, 119, 183, 77, 1, 194, 121, 7, 111, 2, 9, 57, 1, 23, 1, 2, 29, 94, 0, 0, 1, 27]
h	[88, 69, 17, 276, 5, 2, 57, 50, 41, 58, 151, 0, 2, 86, 120, 1, 83, 0, 118, 202, 0, 22, 0, 132, 1, 205, 6, 4, 4, 154, 86, 116, 0, 105, 177, 4, 93, 1, 6, 86, 5, 36, 0, 2, 35, 207, 0, 0, 0, 11]
hd	[0, 0, 0, 4, 0, 0, 0, 2, 2, 0, 0, 0, 0, 0, 0, 0, 0, 0, 0, 0, 1, 1, 0, 0, 0, 0, 0, 0, 0, 0, 0, 0, 0, 3, 0, 0, 0, 0, 1, 0, 0, 0, 0, 0, 0, 0, 0, 0, 0, 0]
http	[6, 5, 0, 1, 61, 3, 1, 1, 0, 1, 0, 0, 0, 7, 2, 12, 0, 0, 1, 1, 0, 2, 0, 2, 4, 0, 0, 0, 0, 9, 0, 0, 1, 0, 1, 0, 1, 1, 0, 0, 0, 0, 0, 15, 2, 0, 0, 2, 50047, 0]
i	[44, 177, 33, 59, 5, 4, 29, 18, 40, 121, 81, 0, 0, 136, 1988, 4, 53, 27, 38, 45, 0, 32, 0, 212, 1, 53, 12, 14, 45, 175, 241, 100, 0, 243, 37, 3, 104, 2, 6, 115, 6, 81, 3, 0, 81, 50, 2, 0, 1, 31]
ir	[0, 0, 0, 1, 10, 0, 0, 0, 0, 2, 2, 0, 0, 1, 0, 0, 1, 0, 0, 0, 0, 0, 0, 0, 0, 0, 0, 0, 1, 0, 14, 0, 0, 4, 1, 1, 1, 0, 0, 2, 0, 0, 0, 0, 1, 0, 0, 0, 0, 0]
l	[32, 122, 7, 46, 2, 3, 23, 8, 1, 51, 92, 0, 11, 102, 98, 0, 67, 0, 60, 55, 0, 14, 0, 84, 1, 111, 2, 8, 13, 188, 115, 89, 0, 139, 119, 1, 137, 4, 6, 56, 1, 36, 1, 3, 57, 49, 1, 0, 1, 33]
le	[2, 12, 4, 2, 0, 0, 2, 0, 2, 11, 7, 0, 0, 27, 1, 0, 5, 0, 6, 4, 0, 0, 0, 3, 0, 1, 1, 0, 3, 35, 411, 26, 0, 13, 22, 4, 4, 0, 0, 15, 1, 0, 0, 0, 3, 2, 0, 1, 0, 4]
ll	[1, 0, 1, 1, 0, 0, 0, 0, 0, 19, 0, 0, 0, 25, 0, 0, 0, 0, 0, 35, 0, 1, 0, 0, 0, 0, 1, 1, 3, 19, 8, 0, 0, 3, 0, 0, 4, 0, 0, 5, 0, 0, 0, 0, 0, 0, 0, 0, 0, 0]
lt	[76, 73, 13, 26, 1, 1, 2, 3, 14, 91, 12, 0, 0, 16, 9, 0, 3, 0, 4, 4, 0, 107, 0, 28, 0, 4, 0, 1, 43, 9, 10, 89, 0, 15, 9, 1, 27, 0, 3, 85, 0, 50, 0, 1, 4, 2, 0, 0, 3, 13]
m	[126, 196, 27, 261, 20, 11, 138, 43, 37, 112, 189, 0, 4, 203, 181, 1, 124, 3, 82, 103, 0, 49, 0, 111, 1, 157, 12, 3, 16, 193, 416, 126, 0, 176, 169, 49, 359, 2, 30, 130, 3, 22, 1, 13, 68, 124, 2, 0, 0, 44]
n	[162, 523, 45, 290, 11, 7, 80, 111, 47, 109, 187, 2, 13, 201, 403, 1, 60, 12, 104, 106, 1, 30, 0, 133, 1, 97, 9, 4, 35, 274, 307, 141, 0, 266, 98, 3, 175, 0, 8, 225, 6, 22, 5, 1, 71, 73, 0, 0, 0, 258]
p	[32, 283, 117, 237, 17, 5, 198, 187, 148, 76, 109, 1, 0, 110, 91, 0, 120, 1, 113, 60, 0, 11, 0, 59, 0, 111, 4, 3, 16, 397, 183, 154, 0, 94, 130, 72, 134, 2, 3, 163, 5, 11, 2, 0, 28, 51, 1, 0, 0, 23]
pos	[1, 1, 0, 0, 0, 0, 0, 0, 0, 0, 0, 0, 0, 0, 1, 0, 0, 0, 0, 0, 0, 0, 0, 0, 0, 0, 0, 0, 0, 0, 0, 0, 0, 2, 0, 0, 0, 0, 0, 0, 0, 0, 0, 0, 1, 0, 0, 0, 0, 0]
quot	[131, 350, 105, 517, 67, 59, 329, 226, 151, 196, 187, 2, 8, 137, 183, 36, 103, 262, 90, 95, 0, 2686, 0, 2660, 6, 180, 99, 14, 156, 159, 148, 430, 1, 5070, 191, 53, 129, 22, 113, 159, 8, 198, 43, 152, 64, 576, 1, 1, 42, 56]
r	[24, 78, 15, 91, 6, 17, 77, 13, 11, 109, 187, 2, 3, 166, 208, 1, 73, 4, 129, 130, 0, 15, 0, 134, 3, 139, 5, 2, 66, 182, 224, 104, 0, 248, 371, 0, 303, 38, 3, 121, 18, 48, 2, 57, 108, 119, 0, 0, 0, 22]
re	[0, 2, 1, 3, 0, 0, 1, 3, 0, 5, 4, 0, 0, 4, 7, 0, 3, 0, 2, 0, 0, 2, 0, 1, 1, 5, 4, 0, 1, 4, 2, 2, 0, 29, 1, 3, 8, 0, 0, 2, 2, 1, 0, 1, 1, 2, 0, 0, 0, 0]
s	[78, 233, 99, 176, 64, 42, 105, 89, 52, 85, 257, 0, 7, 157, 143, 8, 103, 2380, 63, 129, 2, 233, 0, 171, 2, 136, 28, 2, 83, 209, 214, 181, 3, 2176, 237, 40, 248, 3, 38, 296, 4, 93, 5, 21, 141, 98, 1, 0, 2, 29]
se	[1, 3, 0, 11, 3, 2, 6, 1, 1, 4, 2, 0, 0, 0, 0, 0, 1, 0, 1, 5, 0, 11, 0, 2, 1, 5, 1, 0, 0, 4, 108, 0, 0, 12, 0, 0, 2, 0, 2, 0, 1, 1, 1, 0, 1, 2, 0, 0, 2, 0]
st	[1, 1, 0, 2, 2, 0, 0, 0, 0, 0, 0, 0, 0, 5, 5, 0, 9, 0, 1, 1, 0, 0, 0, 9, 0, 8, 0, 0, 2, 3, 6, 38, 0, 12, 15, 1, 1, 1, 1, 13, 0, 0, 0, 2, 9, 1, 0, 0, 0, 1]
t	[91, 114, 17, 65, 6, 3, 29, 27, 8, 65, 134, 0, 1, 118, 125, 0, 63, 5, 61, 117, 0, 17, 0, 145, 2, 137, 7, 1, 33, 86, 174, 54, 0, 166, 165, 10, 254, 3, 5, 179, 4, 86, 0, 3, 60, 52, 0, 0, 1, 41]
ti	[0, 0, 0, 2, 0, 0, 0, 0, 0, 3, 2, 0, 0, 0, 2, 0, 9, 0, 1, 2, 0, 3, 0, 6, 0, 2, 0, 0, 11, 3, 39, 1, 0, 10, 1, 0, 6, 3, 0, 3, 1, 3, 0, 0, 3, 0, 0, 0, 0, 0]
u	[4, 23, 8, 41, 3, 0, 14, 8, 4, 7, 25, 0, 0, 17, 16, 0, 28, 0, 8, 13, 0, 9, 0, 79, 2, 29, 0, 2, 5, 42, 166, 148, 0, 56, 23, 1, 14621, 1, 2, 56, 7, 63, 1, 1, 73, 17, 0, 0, 0, 14]
un	[0, 2, 0, 0, 1, 1, 0, 1, 1, 1, 0, 0, 0, 6, 0, 0, 0, 1, 1, 1, 0, 2, 0, 0, 0, 1, 1, 0, 0, 3, 1, 2, 0, 7, 4, 0, 2, 0, 0, 3, 0, 0, 1, 0, 0, 0, 0, 0, 0, 0]
us	[22, 164, 49, 77, 22, 15, 40, 29, 31, 3, 3, 0, 0, 2, 2, 0, 1, 5, 1, 3, 0, 45, 0, 10, 0, 2, 0, 0, 2, 7, 0, 2, 0, 177, 1, 0, 3, 0, 2, 0, 0, 73, 0, 31, 4, 2, 5, 0, 1, 6]
v	[19, 102, 8, 82, 1, 2, 47, 23, 15, 24, 39, 3, 0, 46, 41, 1, 58, 3, 35, 24, 1, 12, 0, 76, 1, 57, 3, 4, 5, 43, 104, 55, 0, 109, 61, 1, 60, 1, 3, 56, 0, 22, 0, 2, 85, 49, 0, 0, 0, 15]
w	[21, 37, 13, 40, 11, 4, 51, 62, 4, 116, 71, 0, 1, 106, 87, 0, 71, 1, 76, 214, 0, 34, 0, 55, 0, 114, 0, 0, 22, 251, 79, 48, 1, 108, 80, 5, 100, 0, 9, 77, 0, 18, 0, 7, 28, 363, 0, 0, 0, 17]
wi	[1, 0, 0, 1, 0, 0, 0, 0, 0, 0, 1, 0, 0, 0, 0, 0, 4, 0, 1, 1, 0, 2, 0, 7, 0, 1, 0, 0, 0, 0, 0, 0, 0, 0, 0, 0, 0, 0, 0, 1, 0, 2, 0, 26, 0, 0, 29, 0, 0, 1]
wn	[0, 0, 0, 0, 0, 0, 0, 0, 0, 0, 0, 0, 0, 0, 0, 0, 0, 0, 0, 0, 0, 0, 0, 0, 0, 0, 0, 0, 0, 0, 0, 0, 0, 1, 0, 0, 0, 0, 0, 0, 0, 0, 0, 0, 0, 0, 0, 0, 0, 0]
www	[0, 1, 0, 1, 0, 0, 0, 1, 1, 3, 4, 5, 0, 2, 27, 5, 6, 1, 1, 9, 0, 2, 0, 4, 1, 1, 3, 0, 0, 4, 6, 0, 0, 0, 1, 0, 6, 1, 9, 0, 0, 6, 38, 7, 1, 0, 0, 0, 1, 2]
y	[46, 49, 5, 45, 3, 7, 11, 16, 10, 22, 20, 0, 0, 14, 48, 0, 32, 5, 36, 23, 0, 16, 0, 41, 0, 26, 6, 0, 25, 24, 75, 20, 0, 64, 20, 0, 70, 1, 7, 58, 2, 26, 2, 1, 6, 31, 1, 0, 0, 99]
